2.757113097502853027e+12
7.318661071656029297e+12
5.328900753396892578e+12
1.282930281950883789e+13
7.934033230472556641e+12
1.194339466117728906e+13
1.050433581318972461e+13
1.469889750447185352e+13
1.338561320535985742e+13
1.657117398012341064e+12
1.282815148999220898e+13
1.463527250365647461e+13
1.267147552857125781e+13
1.341576296014083398e+13
5.383075988277599609e+12
2.301955150418186035e+12
1.150498418494046387e+12
6.739360480348639648e+12
8.458782784831731445e+12
1.527028671622719531e+13
9.158546007590619141e+12
1.085936781445979102e+13
4.535124397379375000e+12
6.025743348948774414e+12
3.616819637580268066e+12
1.280095249832243359e+13
3.167867725055709473e+12
9.937678293192160156e+12
2.358257695362559570e+12
8.948593955965582031e+12
1.467231732136826172e+13
4.938747950756622070e+12
1.422507600161603711e+13
2.810620691714829102e+12
1.441839787272445508e+13
1.664903762229661133e+12
3.316733005893132324e+12
5.404697893151091797e+12
1.554584711514230469e+13
7.259066051238443359e+12
1.537646408300158789e+13
1.095249582008988477e+13
9.124420530513822266e+12
1.216479948339637500e+13
2.677242914152534180e+12
6.038545735174073242e+12
1.571226209631567383e+13
1.054967232301835547e+13
6.092003691011312500e+12
1.186716165693578613e+12
6.518689107915691406e+12
4.537798895298110352e+12
5.279069305832300781e+12
7.137881612803047852e+12
1.232339278957211523e+13
1.268239384338719141e+13
5.833728047571340820e+12
1.339153460078122461e+13
2.141729169705251465e+12
1.046853307206025977e+13
6.585973833016372070e+12
1.202000865877308594e+13
1.173614983843333984e+13
2.263031919537437988e+12
1.272037319792353516e+13
1.561331761837428711e+13
1.393537418182100195e+13
9.399346825324617188e+12
3.442083519070015137e+12
1.214636767089010352e+13
1.242307047360896094e+13
1.541216627250066992e+13
1.331514103526512500e+13
8.334639589473184570e+12
1.302357748636791016e+13
1.278488556689776172e+13
7.533230683435044922e+12
1.414581478881051562e+13
1.298351729657215430e+13
3.389191905599936523e+12
1.443262575235141211e+13
1.451381299317585742e+13
1.495199041519860156e+13
8.517117378902511719e+12
1.303595203674083008e+13
6.923042102331768555e+12
1.454356596963251953e+13
1.112711608796806250e+13
1.610714127378208008e+13
4.403676163489021484e+12
1.557074305176317383e+13
8.763092891206288086e+12
9.798803252757677734e+12
1.307170641780968475e+11
1.106766376794221875e+13
8.082360797505954102e+12
1.240240103250943115e+12
1.379686016710209766e+13
1.244471916908974805e+13
1.092369673061078516e+13
