5.260334208204492379e-01
3.696309254303394853e-01
2.192271877341397945e-01
2.474367712600401281e-01
3.121052219323071641e-01
5.249510906549313960e-01
1.988483968032941362e-01
5.398847011075623703e-01
2.499973936723000612e-01
3.590137605226770279e-01
2.235206173734345658e-01
3.338469114955769368e-01
1.185090462934984268e-01
2.392269582294641594e-01
3.197652133808475128e-01
4.730435241239970279e-01
4.054308785603555343e-01
1.596415619400668173e-01
3.027459289290359568e-01
2.945669232590162334e-01
3.781395994134165717e-01
5.331572116235315795e-01
3.665266363539472216e-01
1.510555554810401602e-01
3.704091703644192268e-01
2.870650307923384159e-01
1.531523336381562794e-01
3.501305993434564723e-01
1.671209087746750865e-01
4.823553974661881072e-01
4.315267282974439844e-01
2.310790031207049788e-01
2.201728497401074514e-01
2.309937890462543386e-01
3.516236272569247534e-01
2.811677800299388075e-01
3.799119668085956247e-01
2.660473347195791982e-01
1.492036504074442382e-01
3.080052034789326765e-01
1.351047660341415657e-01
2.623429457081573601e-01
1.768103188393123082e-01
1.299946014255377313e-01
3.164274682387716586e-01
4.657572426536557009e-01
2.315290521364329057e-01
5.159837939651946703e-01
1.518869940942921271e-01
2.603765101011898953e-01
2.721755835189623163e-01
1.329815740180679551e-01
2.683102089406301793e-01
4.564935866590618119e-01
6.287110464420696543e-01
3.087439737400857753e-01
1.960156528381125085e-01
3.921613805091765936e-01
2.527156990579240148e-01
3.085873845736463172e-01
3.967252507192946531e-01
4.549946503368573758e-01
3.669168659806510968e-01
1.628435146825634172e-01
1.371248081958008069e-01
3.695898632662391603e-01
2.452174678018723686e-01
3.382239049554596200e-01
1.320723534608491401e-01
6.044703544430963804e-01
3.326466236831523426e-01
1.027823303125140197e-01
2.295225146162869767e-01
4.199454321991592520e-01
4.701838983596324795e-01
2.437930824413842290e-01
4.520382663588647376e-01
1.118036797528468851e-01
3.135847787732157221e-01
4.010411849685403540e-01
1.333325411946671424e-01
1.441065407008465804e-01
1.112321951642645801e-01
5.568204234576575873e-01
1.938712434710072041e-01
1.854205786085225682e-01
2.196018192558691073e-01
1.986976377750175049e-01
8.000919183615387009e-01
2.906800668846998281e-01
4.211489932558991067e-01
4.495163078695370018e-01
3.474706628268969810e-01
1.393052775773920282e-01
3.650677774361266170e-01
1.923847366408779624e-01
1.041328301766444586e-01
3.850259320177656375e-01
1.726024144517691872e-01
5.434152140555363886e-01
