5.815695198095265361e+00
2.745952750880010118e+00
6.935074652414348062e-01
2.316768574684255011e+00
7.552172673880945819e-01
1.667491350150593465e+00
4.500816564050803770e+00
1.263394387686943843e-01
1.163758668175299549e-01
5.831306746971225863e+00
3.904863961032770003e+00
4.375255177675467344e+00
4.225418963231254987e-01
5.986566539889414784e+00
5.334069673366927944e+00
4.017924319381616982e+00
1.459170149913922465e+00
5.629924682067147801e-01
8.261307926528554946e-01
2.348737215888565988e+00
1.238128557979260469e+00
6.028297470342800501e+00
2.241255492746976330e+00
1.582991915624155643e+00
5.206604950229380968e+00
6.654279962959269712e-01
1.839679156376945901e+00
5.806660783932789727e+00
2.550610832953485119e+00
2.098363161764817963e+00
3.266957120336627440e+00
2.445005285676243201e+00
4.153923834626821687e+00
2.060809388236851003e+00
9.279358550707054176e-01
1.062017948330808537e+00
1.400294666853668879e+00
6.284068780936795662e-01
5.380141910693731155e+00
3.294775524341995609e+00
6.099285538433681708e+00
1.043309251321024922e+00
9.825855598947246250e-01
4.019385723418996470e+00
5.494016711563697974e+00
3.430398619038911578e-03
7.282115564513788053e-01
5.195324675346519427e+00
5.524008997821536759e+00
4.845752497430181549e+00
3.184713893521064154e+00
5.526196459483500689e+00
5.992121123606352739e+00
6.089700092808742582e+00
2.630372990226935492e+00
1.168029086901567704e+00
3.664308626932154311e+00
1.657301252014295567e+00
3.558240759304247103e+00
1.063823009542596454e+00
6.003369513657513146e+00
4.241941222214771656e+00
5.091278133129471861e+00
3.242900853183589671e+00
6.399714219960236372e-01
5.657175542982397332e+00
7.052875041560811020e-01
2.066877431064435999e+00
2.308088861844258093e-03
5.205496445306700970e+00
3.238561597101785594e+00
5.309779331138527958e+00
3.025688962422982797e+00
1.542403650623884181e-01
5.188266053919034171e+00
1.699459254560826693e+00
4.771766661492502948e+00
2.047406355551578017e+00
2.793663529794958134e+00
3.867911402250332031e+00
9.163470705816701978e-01
3.617561816462810942e+00
2.873857951880997241e+00
1.163120574724124001e+00
6.058308575809137508e+00
4.536613924185728841e+00
2.620275142514439271e+00
2.463670838753469761e-01
1.588727769531258049e+00
4.706737925300834569e+00
5.535904795415525825e+00
5.594413493030386597e+00
5.641757233814449712e+00
5.718524159239974480e+00
1.651793980779590720e+00
2.918478962683852540e+00
5.091207017061215367e+00
3.780174741011757877e+00
5.590540378667468779e+00
4.594848234030498801e+00
