1.183412098261319473e+07
-9.426960569251500070e+06
-1.033493439305235445e+07
-4.867765430903970264e+06
8.132797135992177762e+06
-5.631411029298495501e+06
-7.486573091777061112e+06
-2.836011168906884734e+06
4.194479549243254587e+06
1.214081394758934528e+07
-4.784823533372091129e+06
3.602288194209340494e+06
-4.566215874498291872e+06
1.314406643715387909e+06
-9.901492756936196238e+06
-1.202634246328327246e+07
-1.240023716525314376e+07
9.507071462078468874e+06
8.562279902104223147e+06
-2.619145640524390154e+06
7.306120372840471566e+06
-4.957860104602957144e+06
-1.051487501989090070e+07
-9.630293582742406055e+06
-1.122762732916578464e+07
5.691345191687468439e+06
1.134786633516223542e+07
-7.398010537601510063e+06
1.178530738420701399e+07
-8.500421966701962054e+06
-5.929277939715924440e+05
-1.037857325202479027e+07
-3.747502143164153676e+06
1.177051472782241553e+07
1.953098942710269243e+06
1.228188620162199251e+07
1.130876174468609691e+07
1.004117217498886213e+07
6.812220915609942749e+05
8.793706800828967243e+06
1.314501529896018794e+06
7.117135884732309729e+06
7.288714836650324054e+06
6.008880028420187533e+06
1.184443164389316365e+07
9.388191250991413370e+06
1.064187424657122232e+06
-5.087625507644038647e+06
9.657196818746389821e+06
-1.244460396594056301e+07
9.615285876308094710e+06
-1.060581594088743441e+07
1.000978313068834320e+07
9.233726929644564167e+06
6.187827702925746562e+05
5.550327791519780643e+06
9.750432663228580728e+06
-3.965014100165038835e+06
1.197700464552827924e+07
7.360759494453458115e+06
9.019372675022253767e+06
-4.512402133550677449e+06
4.177622762100503780e+06
-1.191268196963028796e+07
-4.617070078360203654e+06
-5.083576307951573399e+05
3.757021505148236174e+06
7.111878368321656249e+06
1.131247332404965907e+07
-3.842350833307349123e+06
-6.056590423712162301e+06
-4.511576221466778661e+05
-2.632284330673570366e+04
7.682820913853231817e+06
-1.216686428262919420e+06
-5.425491009686232544e+06
9.464160935492042452e+06
-2.996400072554434650e+06
1.979062966811510967e+06
1.112243599862044677e+07
4.099890645159258856e+05
-6.198049846886203159e+05
1.861881197840859415e+06
-8.517731581756306812e+06
-3.992324989746723324e+06
9.025216310051061213e+06
-2.641248000749847852e+06
6.967935964578157291e+06
-2.257955433241894003e+06
-1.076084258618411981e+07
-1.298806328929678304e+06
-8.721180348161330447e+06
6.532747976275202818e+06
-1.291665118976302631e+07
5.192023853501585312e+06
-8.172674072105412371e+06
-1.241425542031568848e+07
-6.666259906817622250e+05
5.845190963653608225e+06
4.639323883714374155e+06
