1.115831792872293143e-01
1.095836520020078364e+00
1.030960108298853983e+00
1.289613149768614742e+00
4.651759344841003840e-01
8.219161203880714917e-01
4.545980277535259240e-01
1.302095953027888164e+00
1.246737437019381778e+00
1.106491555082909306e+00
9.067085467004288857e-01
5.933712016006450485e-01
1.067187673062546693e+00
1.079904059264534810e+00
9.705584380762283248e-01
5.789713454215469346e-01
2.081110900235835226e-01
1.055650227222093118e+00
8.698177911638135806e-02
9.229993485925090946e-01
7.223399330589573841e-01
1.014059368679574247e+00
2.564875203762896627e-02
3.473987534562255619e-01
1.452934627702892723e+00
1.493752868401828859e+00
2.393182120642045330e-01
1.354526805896948405e+00
3.819108479734657086e-02
1.242248823479483955e+00
1.090064181251757081e+00
1.495622251496232069e+00
6.915646857655020074e-01
1.068689185516172202e+00
9.838840353146308115e-02
1.350226420431226204e+00
1.264993752430065288e-01
4.163233846457557452e-01
2.546579100204662272e-01
1.843805349212156164e-01
6.063825972455259665e-03
1.449462693867713980e+00
4.778341873801633666e-01
6.413607086397444812e-01
1.766004169085031716e-01
6.682194675999313382e-01
1.413507374509334724e+00
1.139728242186211160e+00
1.154242778067978259e+00
1.911840861931506791e-02
1.157446239755383965e+00
8.169419788856014941e-01
9.147056976983531928e-01
4.172546299552761240e-01
8.341003288226183851e-03
1.086218395730664810e+00
3.243121976471699357e-03
1.483814608693462711e+00
2.918802655703661708e-01
1.515967638939005546e+00
9.398325269407783455e-01
3.355014070473434640e-02
9.072763918332257260e-01
3.453565003549094459e-01
2.107594578460820767e-01
1.544524546250531483e+00
6.654528955940508528e-02
3.093156005895125044e-02
4.299782087673083564e-01
1.339400758118349133e+00
6.533779387386194903e-01
2.432232081415346137e-01
1.722897510786517428e-01
6.099923114707012095e-01
1.285574526122688521e+00
9.678979782930433595e-01
2.799174054499452557e-01
7.893399149400877057e-01
1.461039073267498489e+00
1.486848393906722521e+00
9.427674885895568346e-01
2.923725815816032858e-01
1.012216662002285661e+00
9.744301039057589112e-03
1.226611579662254092e+00
1.096598638635763789e+00
6.704465265400163521e-01
3.963406162202483957e-02
1.190387324717470996e+00
8.361915447859414874e-01
1.143698995406160560e-02
4.438549381944342787e-02
7.724925567527347603e-01
8.394838667636935758e-01
5.672356598362218172e-01
1.857248767127473166e-01
1.493019974077992584e+00
1.091092255638137054e+00
9.714555831857547841e-02
1.329563109281095556e+00
